%YAML 1.0
---
image_width: 640.
image_height: 480.
square_size: 1.
camera_matrix: !!opencv-matrix
   rows: 3
   cols: 3
   dt: d
   data: [ 6.7251759799827414e+002, 0., 3.2998521760762014e+002, 0.,
       6.7251759799827414e+002, 2.3976517267102471e+002, 0., 0., 1. ]
distortion_coefficients: !!opencv-matrix
   rows: 5
   cols: 1
   dt: d
   data: [ -6.7785917998212153e-002, -1.1306672614076799e-003,
       -2.5610912874101726e-003, 5.3601962024780331e-004, 0. ]
